
centroid localization wrt to changing nodes
node_numbers = [10, 20, 30, 40, 50, 60, 70, 80, 90, 100]
rsme_values = [25.469, 21, 18.30, 16.73, 13.88, 12.33, 11.54, 9.83, 9.11, 7.9]

MDS
rsme =[10.77 , 8.66 , 7.8 , 3.44 , 2.55 , 2.144 , 1.5 , 1.44 , 1.43  , 1.432]


dropout rate
MDS
drop = [2 , 4 , 6 , 8 , 10 , 12 , 14 , 16 , 18 , 20]
rsme_values = [7.20992122785548, 12.692921862183526, 23.63356198277039, 22.652577385710764, 36.33964317719316, 45.07741583723728, 40.790536336523346, 29.248334709632953, 29.248334709632953, 30.143027877246443, 23.097440836653938]

centroid
rsme_values_2 = [20.868296406639885, 17.36702013784539, 19.579912171424198, 20.964214047850504, 19.809327623027734, 12.663439356762627, 11.647991496960046, 18.312083901473567, 21.70906634332644]


range  :

# Result
centroid
rsme = [18.164480448961836, 15.316485172107106, 14.876488702216125, 9.919134622830697, 20.631690567612473, 19.75528593076875, 22.80543200148942, 18.06790662563767, 18.044644247765707, 18.012062846783355]
range_values = [25, 30, 35, 40, 45, 50, 55, 60, 65, 70]

MDS

rsme_values = [2.11169704218013683, 2.07038429907313488, 2.02904275618062001, 2.13297737414935842, 2.12403144423435365, 2.11169766774648311, 2.07038429466543488, 2.02904275546452001, 2.13297737414535355, 2.12403144466353653]
